inherit_from: "configs/stereo/rosario/base_config.yaml"

Dataset:
  dataset_path: "datasets/rosario/sequence01"
  Calibration:
    cam0:
      raw:
        fx: 348.522264
        fy: 348.449870
        cx: 344.483596
        cy: 188.808062
        k1: -0.174497
        k2: 0.027127
        p1: -0.000359
        p2: 0.000457
        k3: 0.0
      opt:
        fx: 348.522264
        fy: 348.449870
        cx: 344.483596
        cy: 188.808062
        k1: -0.174497
        k2: 0.027127
        p1: -0.000359
        p2: 0.000457
        k3: 0.0
      R:
        rows: 3
        cols: 3
        data: [0.999873, 0.000708, 0.015892, -0.000683, 0.999999, -0.001578, -0.015893, 0.001567, 0.999872]
    cam1:
      raw:
        fx: 349.569635
        fy: 349.390781
        cx: 340.836585
        cy: 206.105440
        k1: -0.174606
        k2: 0.027855
        p1: -0.000108
        p2: -0.000141
        k3: 0.0
      opt:
        fx: 349.569635
        fy: 349.390781
        cx: 340.836585
        cy: 206.105440
        k1: -0.174606
        k2: 0.027855
        p1: -0.000108
        p2: -0.000141
        k3: 0.0
      R:
        rows: 3
        cols: 3
        data: [0.999997, -0.000440, 0.002268, 0.000436, 0.999999, 0.001573, -0.002269, -0.001572, 0.999996]
    distorted: False
    width: 672
    height: 376
  start_idx: 0
